coefficients = { c_t : 7.138902726265141e-05
c_o : 2.8146887477907957e-05
c_i : 7.287557935904726e-05
c_s : 0.00046762021762021707
c_r : 0.0014988299557701953
}